1000 2938
16 170 549
68 402 410 463 610
79 202 297 320 626 650 746 791 879 912 998
133 367 455 476 539 545 843 893
107 548 942
171 683 693 919 943
90 385 480 638 804 836 851
44 65 67 190 332 386 633 854 892 937
588 871
283 511 525 572 575 719 915 946
72 377 508 515 617 672 718 723 760 938 995
207 252 388 506 830 969
84 129 158 165 192
514 570
35 155 412 569 587
1 549
59 73 395 687 865 875
76 244 270 317 372 406 627 717
21 135 278 520 689 699 777
435 582
19 278 393 423 520 699 934 947
35 186 445 534 591 805 844
433 841
137 201 458
235 313 531 621 747 798 963
118 132 323 696
75 460 631 701 786 869
91 115 261 567 622 779 882
130 184 544
219 563 896
297 320 370 500 807 809 879
124 213 441 553 706 753 848
380 619 795
136 346 744 751 790
15 22 155 180 230 412 445 504 587 591 592 805 844
122 172 378 541 602 776 856
210 282 327
50 55 261 316 443 567 586 618 921 973
122 158 257 358 465 474 646 709 737 781 883

609 740 814 855 878 903 911
580 620 822
213 263 391 439 801 847
8 65 93 176 292 332 335 703 854 892 962
707
544 555 663 979
85 216 305 749
157 270 627 717
178 627 830
38 55 261 430 526 567 921
86 159 333 571 986
419 690 741
280 310
122 158 165 240 274 275 355 465 548 623 666 709 942
38 50 261 359 443 567 622 732 779
144 236 295 387 935
159 319 323 440 571 831 902 959
88 454 491 525 655 981
17 269 319 326 636 865 875
322 356 675 778
105 180 230 234 241 300 306 400 548 653 870 900
418 632 694 715
174 253 273 596 745
324 505 550 557
8 44 67 176 190 292 332 386 633 854 892 962 976
216 305 518 556 831 902
8 65 190 386 633 937 962
2 239 402 410 589 610 705 731 793
139 142 328 394 960 970
291 431 490 507 546 748
181 492 510 524 676 726
11 150 266 377 515 541 573 617 625 640 718 723 866 956 976 995
17 307 349 375 395 451 493 513 630 687 792 862 873
206 220 364 376 982
27 660 786
18 317 372 406 766 975

389 441 704 774 813 846
3 297 320 626 650 746 807 879 998
186 445 905
160 168 710 810
454 497 525 572 655 833 981
120 444 677 771 841 901 996
13 192
47 305 938
51 333 824
416 469 495 611 728 910 943
58 454 491 655 981
148 356 501 556 950
7 139 590 804 970
28 115 434 471 521
150 191 472 662 685 702 763
44 176 332 335 703 892 962
456 581 612 665 768 968
170 254 916
191 253 273 691 745
415 647 713 859
538 682 735 826
442 517 920
156 338 628 789 845 972
175
126 259 264 444 468 677 806
169 183 314 357 475 488 548 593 737 864
117 195 343 598 637
61 180 306 400 411 653 787 870
235 358 436 758 952
5 548
416 585 945
573 853
125 145 167 280 366 404 535 607 668 797 881
238 302 385 818 851
279 371 405 500 863 918
200 347 351 494
161 283 575 719 756
28 91 206 231 261 337 353 434 521 526 567 784 820 882 996
209 214 277 398 838
104 170 195 392 598 657 754
26 132 323 696 817 860
223 545 652
83 128 286 349 353 446 523 752 771 818
268 380 463 619 712
36 39 54 129 165 275 297 407 422 465 473 623 666 709 734 883
213 222 263 391 762
32 246 706 753 848
110 198 250 362 366 399 668 722 729 774 834 890 952
102 259 468 752 806
204 684 940
120 286 446 523 771 901
13 122 158 165 192 355 422 473
29 184 281 544
285 542 608 633 639 697 849
26 118 696 817
4 367 384 455 539 635 893
235 436 758
19 230 462 552 570 689 699
34 346 642 728 751 790 999
24 157 252 458 627 717
248 298 359 383 503 576 586 732 868
69 90 193 452 590 634 953 970
189 512 678 933
536 759 910 966
69 328 394 960
153 438 742
56 229 236 295 387 696 935
110 167 280 310 404 535 607 625 668 687 722 778 797 881
260
255 360 424 994
89 374 556 831 902
456 612 835
72 92 266 288 528 543 566 573 617 658 685 702 955 980
173 606 923
512 678 854
143 349 420 670 721 874 877 929
320 554 669 791 912 965
15 35 412 504 587 805 844
100 338 628 661 724 789 815
48 137 270 627 717
13 39 54 129 165 297 422 465 473 623 666 709 734 883
51 57 319 579 603 831
81 168 710 776 810
114 283 575 719 756
237 671
221 456 565 612 646 665 835
229 604 651 730
13 54 122 129 158 192 274 355 422 473 623
175 196 242
110 145 280 403 404 528 535 668 797 881
81 160 776 810
103 315 408 475 488 593 716 737 829 978
1 95 117 180 206 254 353 782 820 916
6 693 919 943
36 548 686 794 832 856 898 941
151 289 478 606 649 659 727
63 253 273 596 997
101 166 242 245
44 65 93 332 335 854 892 962
482 577 580 614
49 627 830
324 494 505 557 908
35 61 105 170 206 230 306 400 411 653 787 865 870 916
71 492 510 524 676 726 966
328
103 314 593 737 750 864 907
29 130
203 217 228 420 742
22 80 445 534 591 905
584
390 498 537 761 774
140 933 986
8 65 67 386 937
92 96 251 253 273 298 691 745 904 923
13 84 129 165 355 623
139 287 452 533 590 634
221
104 117 343
166 242 467
231 261 309 430 618 921 973
125 235 250 655 681 722 767 831 834 890 950
409 564 583 800
113 324 494 505 550 557 925 940
24 207 252 969
3 320 650 746 791 912 917
185 217 420 645 742
127 505 684 917 940
269 330 395 451 483 493 548 636 687 720 774 792 862 865 873 897 942
74 115 170 180 220 261 306 337 364 376 653 820 916 982
12 201 252 969
232 427 459 466
116 214 838
37 282 327 592
918
397 405
32 43 123 222 244 650 706 762
116 209 277 630 838

47 66 266 305 373 382 528 749 980
185 203 228 742
384 394 635 667 993
30 481 563 896 957
74 206 982 991
163 194 229 262 358 932
123 213 244 263 762 948
119 419 466 652
462 552 648 694 872 931
300 314 357 613
304 581 646 781 888 954
303 485 527
185 217 742 929
144 164 221 604
35 61 135 180 234 300 408 411 584 653 664 722 810 839
115 197 261 309 353 430 616 618 818 820 921 953 996
208 318 427 459 894
486 568 669 673 825
61 230 400 411 664 839 870
25 106 134 198 358 531 890 950
56 144 295 387 798 935
162 671
111 302 385 818 851
68 410 705
54 442 548 630 666 687 743 862 892 920 942
61 258 551 812
166 175 196 801
599
18 213 222 263 363 700 717 755 757 847 947 948
175 389 441
124 330 493 642 706 728 753 792 873 897 930
310 467 481 563 774 957 985
138 383 741
483 508 640 723
125 198 362 366 399 681 722 778 834 890 952
191 298 368 559 714 923
12 137 201 207 458 627 830 969
63 96 174 191 273 596 691 745
95 170 782 916
147 360 392 819 994
484 530 997
39 407 474 490 509 781 883
241 364 787 812
102 126 264 752 806
146 282 748
28 38 50 55 115 197 206 231 526 567 618 622 820 882 921
221 304 358 499 889 932
43 123 222 244 391 762 948
102 259 752 806
368 904
72 150 216 288 305 377 515 528 566 573 711 749 780 938
311 353 996
121 271 380 402 463 522 589 619 712 793 972
59 205 636 720 857 867
18 48 157 717 934
268 380 522 597 619 708 789 793 795 845 863 972
648 715 861 1000
63 96 174 191 253 596 691 745
54 165 355 623
54 122 341 407 426 465 540 623
312 361 370 489 600 809 852
116 214 398 630 821
19 21 393 423 520 699 738 777
112 301 371 405 684 863
53 110 145 167 310 326 404 668 723 778
130 544 555
37 210 260 327
10 114 161 575 719 740 756 814 823 911
451 493
131 321 649
120 128 523 771 901
193 452 533 634 843
150 266 528 543 566 658 780 955
173 478 606 649 659 727
823 911
70 402 431 490 507 513 546 561 647 674 793 861 880
44 65 332
833 858 876 988
486 825
56 144 236 387 479 554 935 965
516 524 726 796
3 31 79 122 158 320 626 650 746 791 879 912 917 998
138 191 251 368 383 470 559 576 714 899 904
496 776 794 810 832 941 958
61 225 230 315 337 357 408 475 541 613 653 810 897
279 371 405 863
111 238 385 818 851 953
227 349 381 485 527 538
226 262 499 889
47 66 85 216 266 515 528 749
61 105 180 206 400 653 787 870 916
73 375 451 515 642 792 862 873 897
605 640 698 788 866 922 956 976
197 231 316 430 618 921 973
53 145 247 280 344 668 686 723 949
267 353 820 996
276 361 489 500 809 852
25 464 519 747 963
103 183 225 357 737 750 864
169 300 408 475 624 716
38 309 443 586 618 921 973
18 76 372 847
232 427 894
57 59 159 323 333 440 571 696 831 902 959
3 31 79 154 202 297 370 650 716 746 791 879 897 917 962 998
285 680
60 356
26 57 118 319 333 440 860
64 179 200 505 550 557 925
330 642 744 873 897 999
59 280 334 453 548 641 687 875 942 974
37 210 282 592
69 142 182 480
585 871
205 246 325 451 493 642 687 706 728 753 792 862 873 897
466 652 808
8 44 65 93 176 292 335 633 854 892 962
51 86 319 323
326 453 641 875 974
44 93 176 332 854
579 603
115 206 300 396 408 551 653 784 812 882 939
100 156 628 661 789 845 972
663 979
349 450 721 874 987
275 369 426 453 465 482 540
429 519 747 798 817 860
104 195
310 686 723 949
914 917 992
34 136 642 744 751 790 999
113 351
490 546 561 616 861 967 989
73 120 153 303 340 381 420 450 538 721 874 987
688
113 347 494 933
598 637 657 782
115 120 170 231 267 311 752 820 996
457 796 944
54 129 165 192 274 623
60 89 322 556
103 225 300 314 613
39 106 221 235 262 499 781 889 932
55 138 503 586 732 779
147 255 392
276 312 489 500 852
125 250 366 399 607 729 834
244 393 588 700 738 755
74 206 258 376 471 812 982
811 878
110 125 250 362 399 537 654 668 729 834 952
4 133 455 539 635 893
251 265 298 559 576 904
341 453 465 482 974
31 276 320 807 809
112 279 301 405 863 918
18 76 317 406 766 975
216 382
148 519 959
73 307 687 792 862 897
74 206 364 471 521 982
11 72 266 515 541 573 617 625 711 718 723 866 942 956 976 995
36 541 602 776 856
647 880 928 971
33 121 268 271 402 463 589 619 688
303 349 527
216 373 528 543 749 780
138 248 298 470 559 576 714 741 899
133 218 635 667 970 993
7 111 238 302 638 818 836 851
8 65 67 190 937
56 144 236 295 696 935
12 506
78 245 441 774
188 403 498 761 774
43 123 263 847
117 255 360 754 859
21 278 363 423 520 755 947
69 142 218 667 736 936 993
17 73 205 451 493 636 687 865
337 750 784 939
212
116 277
125 250 362 366 681 729 834 891
61 105 180 234 306 411 653 787 870
820
2 68 268 291 380 410 463 589 610 647 688 705 793 880
167 390 498 535 668
110 145 167 280 535 607 668 797 881
112 212 279 301 371 863
18 76 372 766
122 257 275 426 474 509 687
169 230 300 315 337 475 541 624 810
199 564 583 800
2 68 239 402 589 610 705
105 180 230 234 400 653 664 839 870
15 35 155 504 587 805
709 734
437 750 784 887
97 647 713 802 859
87 108 495 585 728 945 964
678
62 694 715 946
52 223 466 690 951
153 185 203 349 721 742 874 987
765 895 967
122 129 158 165 473
21 278 393 520 738 777
147 656 884 994
907
275 341 407 465 474 540 577 679
208 232 318 459
491 915
342 519 747 817 860
50 197 231 309 618 921 973
70 291 490 507 546 748
439 449 615 766 769 773 975
23 841
91 115 521 526
20 582 703
106 134 758
414 887
143
43 432 563 615 764 769 975
57 319 323 571 959
32 78 245 389 553 704 774 813
99 240 548 743 920
38 55 316 586 618 921 973
83 102 677
22 35 80 186 534 591 844 905
120 128 523 901
560 651 775
592 927
432 615 769 770 773 926
340 349 874 987
73 205 284 307 330 395 493 553 687 792 862 873
139 193 287 533 590 634 818 953
326 334 341 369 465 641 974
58 82 88 525 655 981
4 133 367 539 545 843 893
94 149 163 581 612 665 768 888 954 968
354 595 700 726 796 944
24 137 252 627 717
208 232 427 466 951
27 701 770 786 958
783 840
135 224 552 689 931
2 121 268 380 402 589 610 619 688
313 501 906 950
39 54 122 158 275 341 369 426 453 482 540 548 942
208 223 331 419 459 951
196 247 481 957 985
102 126 806
87 495 611 964
298 383 559 714 899
91 364 376 521
92 702 763
122 129 158 165 422
39 257 407 426 509 679
103 169 300 315 408 488 541 613 624
4 539 886
751 790
173 289 606 649 659 680 727 894
295 554 604 730 935 965
7 328 638 804 836
219 247 467 563 896 957 985
177 341 369 465 577 580 822
205 249 508 640 723
256 530 997
227 303 683 785 919 977
233 294 568 730 825
503 732 868
103 169 475 593 687 716 737 978
276 312 361 500
70 257 291 348 431 546 561 616 674 861 862 955
58 88 428 915
71 181 510 726 966
73 205 246 284 330 395 451 553 561 636 642 687 774 792 862 873 897
113 179 200 351 557
87 416 469 728 910 964
299 794 816 832 941 958
82 715 833 946
188 390 403 535 537 761 797 881
262 304 358 781 889
31 112 312 361 489 918
89 464 767 906 950
695
138 359 487 576 732 868
35 155 412 805
64 179 200 204 324 550 557 684 925 940
12 388 532
70 291 431 546 561 616 674 880
11 249 483 718 723 995
257 407 474 646 679 883
71 181 492 676 759
10 525 572 719
140 152 678
73 291 630 642 792 821 862 873 897
14 564 570 738 777 892
11 72 266 305 307 377 566 617 672 711 718 938
296 558
99
66 556 831
313 342 374 429 747 860 963
19 21 278 393 423 699 738 777 854
91 115 376 434 471
268 271 597 708 789 795 845 972
120 128 286 446 771 901
71 181 296 726
10 58 82 454 511 572 655 981
50 115 261 434
227 303 381 785
150 167 216 266 288 305 382 658 685 749 780 955 980
673 852
256 484 997
25 235 621 963
506 631
193 287 452 634 843
22 186 445 591 844 905
110 145 167 403 404 498 668 797 881
141 599 910 966
188 366 498 761 774
98 303 349
4 133 367 455 476 545 843 893
275 341 426 465
36 72 300 377 378 408 475 602 605 617 716 723 810
131 608 639 697 849 892
150 288 382 658 685 780 955 980
29 46 130 281 555 979
4 119 455 539 843
70 291 348 431 490 507 616 674 989
818 953
5 54 61 103 107 172 205 240 326 442 465 641 666 792 862 920 942
1 16
64 200 324 505 557 925
241 337 812
135 224 462 689 931
32 441 451 493 706
154 295 479 669 730 965
46 281 544
66 89 148 356 518 831 902 950
64 179 200 324 494 505 550 925
516 578
251 298 368 383 470 714 899
447 651 775 835
291 348 490 493 507 629 644 674 793
842
30 219 247 439 481 896 957
199 409 514 583 700 738 777 800
163
150 266 288 515 711 780 938
28 38 50 55 115 261 622 779 868 882 921 939
233 486 825
15 587 664
14 135 514 699 777
51 57 319 440 959
10 82 511 525 655 719
72 109 150 266 377 853
666
10 114 161 283 719 756
138 298 368 383 503 868 904
177 426 482 580
558 588 700
159 336
42 177 482 577 614 822 913
94 226 456 646 665 888 954 968
20 435
199 409 564 595 800 811
187 230 664 839
108 329 416 871
38 138 316 359 443 732
15 35 155 412 569 805
9 363 578
68 268 380 402 410 463 610 619 705 731 793
90 139 193 452 634 836 970
22 35 186 445 534 805 844 905
35 210 327 448 861
103 169 183 488 737 829 864 907 978
731 793 842 895
457 583 944
63 174 253 273 745
271 522 708 795 972
104 117 352 637 657
243 536
276

36 378 541 776 856
159 336
164 229 479
308 541 640 698 922 976
151 173 289 478
110 145 362 404 722 797 881 924
131 542 633 639 697 849
41 740 814 855 878 903 911
2 68 402 410 463 589 705
87 469
94 149 163 456 665 835
225 300 357 475 692 900
177 580 913
432 439 449 769 926
231 348 490 507 546 644 674 989 996
11 72 150 377 515 541 640 718 723 832 866 922 956 976 995
38 197 231 261 309 316 430 443 921 973
33 121 268 271 380 463 589 712 972
42 654 822
25 531 798 963
28 55 261 567 779 882
54 122 158 165 192 274 275 355 666
315 408 475 716
72 145 377 866 922 956 976 995
3 79 297 650 807 879 998
18 48 49 137 157 178 252 458 717 830
100 156 338 789
561 644 674 895
73 214 240 277 513 821 838 862 920 942
27 532 786 869
62 715
8 65 67 131 332 608 697 892
139 193 287 452 533 590 843
133 218 367 384 667 893 993
59 205 269 395 493 865
104 352 598 657 782
7 385 480 804 818 836 851
131 542 608 697 849
72 249 308 483 605 617 866 922 976 995
326 334 453 548 875 942
136 246 307 325 330 346 493 513 687 728 744 753 792 862 873 897 999
894
561 616 629 674
203
39 163 226 509 581 734 781 883 888 954
97 291 379 402 415 859 880 971
224 272 694 715 872 931
173 285 289 478 659 680 727
3 79 202 213 297 320 626 746 912 998
164 447 560 775
119 223 331 808
61 105 180 206 230 300 306 337 400 411 787 870 916
366 620 729
58 82 88 198 454 525 572 981
424 725 819 884 961
117 352 598 637
150 288 528 543 685 837 955
173 289 478 649 680 894
75 770 773 786
156 338 708 789 845 990
92 702 763
46 339 979
230 234 411 569 584 839
94 163 456 581 612 888 954 968
54 122 158 240 548 574 623 920
218 384 394 635 936 993
110 125 145 167 280 310 366 403 404 535 797 881
154 233 554 730 965
153 721 874 877 987
162 237
11 515 723 760 778
233 529 852
291 490 507 546 561 616 629 644
60 722 778 890 924
71 181 510 759 966
83 102 444
140 152 417 512
426 474 509
321 478 649 659 894
198 250 399 722 834 890 924
98
6 485 693 919 977
127 204 279 505 917
92 150 528 543 658 702 837 897 909 980
172 310 344 723 832 856 898 949
17 73 145 205 240 326 330 375 395 407 451 488 493 642 792 862 865 873 897 942
350 380 402 463
19 135 462 552 931
52 419 951
96 191 253 273 745
613 710
6 171 683 910 919 943
62 224 418 648
502 880
26 118 132 144 319 387 817
131 542 608 633 639 849 892 962
308 605 788 866 922 956 976
19 21 135 278 520 570 777
244 363 457 564 578 738 800
27 460 770 786 816 832 926 958
92 150 472 662 685 763
44 93 435 892 962
78 441 720 813
68 239 402 410 589 610
32 124 213 246 330 553 753 848 873 942
45
271 522 597 661 845 972 990
39 54 122 158 413 734 799 883
81 160 692 810
266 377 515 566 718 938
121 268 619
97 415 802 859
251 298 383 470 559 899
62 272 418 497 632 648 833 946
169 315 320 488 541 624 829 978
18 48 137 157 244 270 458 627
11 72 377 508 515 617 711 760 938 995
10 114 161 283 511 572 575
205 269 704 813 846 857
153 340 349 420 670 874 987
125 145 198 230 250 607 675 681 834 890 924
11 72 249 280 310 344 377 483 508 541 617 672 686 807
156 815 990
656 884
71 181 296 457 492 524 796
173 289 478 649
87 136 246 330 416 495 642 792 873 897 945 964
125 362 366 399 654
164 479 486 554 669 965
68 589 594 793 842
55 138 359 487 503 586 779 868
984
122 158 413 646 709 799 883
98 826
394
39 103 169 183 314 488 593 829 864
278 363 423 514 520 564 700 777 800
740 814 855 878 946
41 283 609 739 814 823 855 903 911
52 248 383
143 185 203 217 228 420
240 442 920
34 325 346 642
63 96 191 253 273 596 691 923
3 79 202 297 320 650 791 912 917 998
25 313 342 429 519 798 963
70 260 431
47 216 266 305 382 528 780 962
183 314 396 414 784 864
34 136 346 477 790
120 126 259 264 353 806 996
32 124 246 330 642 706 873 897 930
117 392
244 363 393 757
114 161 283 575 823
244 755 847 948
106 134 436
141 510 676 966
11 672 718
188 390 498 537 774
123 213 222 263
92 472 662 702 909
439 801 975
421 895
76 372 406 432 769 773 975
198 501 827
94 456 968
432 439 449 615 766 773 975
449 460 660 701 773 786 926
83 120 128 286 523 901

432 449 660 766 769 770
78 125 188 205 247 389 390 441 493 537 761 846
447 560 651
36 160 168 299 378 602 780 794 832 856 898 941
19 278 423 514 520 564 570 699 738
60 145 250 280 672 675 789 803 890 924
28 55 359 567 622 732 868 882
266 288 382 528 543 566 749 776
39 226 257 358 499 646 883
170 254 352 637
461
115 337 396 414 750 887 939
485 527 977
27 75 460 631 660 701 770
105 180 258 306 400 653 870
308 698 853 907 978
100 156 271 338 522 628 661 778 845 972
34 136 346 477 751 826
3 154 202 297 320 746 912
73 205 246 307 330 375 451 493 513 548 642 687 728 862 873 897 942
68 268 271 291 402 561 589 594 731 842
172 299 496 776 816 832 941 958
33 271 522 597
296 354 457 726
110 145 167 404 498 535 607 668 881
25 236 342 621 747 963
709 734 883
199 409 564 583 700 738
43 242 764
415 713 928 971
778
7 90 480 638 836 970
22 35 155 412 504 587 591 844
102 126 259 264 468 752
31 79 370 626 723 809 998
331 652
31 276 312 370 807
81 160 168 230 299 300 408 541 710 832
365 583
241 258 337 364 551
78 441 704 720
41 283 609 739 740 855 878 903 911
156 724 840
496 701 794 832 898 941 958
118 132 342 429 696 860
111 120 231 238 302 385 452 547 638 836 851 953
255 656 884 961 994
115 170 206 231 261 311 353 401 916 996
277 513 630
42 482 580 620
283 290 740 756 911
86
233 294 486 568
98 735 790
767 891 952
874
169 593 716 737 978
12 49 178 252 627 969
57 66 148 159 198 319 518 556 890 902 959
172 299 496 617 686 701 776 794 810 816 898
82 293 497 715 858 876
125 198 250 362 366 399 681 722 890 891 920 952
149 163 560 612
7 385 480 590 638 804 818 851
658 685 909 980
116 209 214 630
230 234 411 584 664 870
461 815
23 83 433
562 594 731 793 895
4 287 455 533 539 545 634
22 35 155 445 534 591 805
100 271 338 522 661 708 789 972 990
78 720 774 857
43 244 317 391 757 948
32 124 706
131 542 608 639 697 892

7 111 238 302 385 638 818 836 953
276 312 361 529 673
109 573 788 866 956
8 44 65 152 176 332 335 520 892
41 609 739 740 814 878 903 911 946
36 172 378 602 686 776 898
269 720 846
293 833 876 988
97 392 415 647 713 971
118 323 342 429 519 817
272 291 348 490 592 897 967 989
73 205 240 307 330 375 451 490 493 513 548 630 642 687 792 873 897 920 942
112 271 279 301 371 405
103 183 314 593 737 750
17 59 180 205 395 636 687
72 308 377 617 625 640 698 853 922 956 976 995
269 974
138 487 503 567 576 732 779 882 904 939
27 631
61 105 180 234 306 400 411 653 787 839
9 329 585
224 648 931
73 205 246 307 325 330 451 493 513 642 687 706 728 753 792 862 897
153 340 349 420 450 670 721 828 987
17 59 326 334 641
293 833 858 988
153 670 929
41 365 609 739 814 855 903
3 31 79 297 320 626 998
291 379 402 507 647 695
110 145 167 404 498 535 607 668 797
28 115 261 337 567 622 779 868 939
39 122 158 257 509 646 709 734 781 799
424 656 725 819 961 994

476
414 437 784
226 456 581 646 665 954
262 304 358 499 932
125 198 235 250 675 681 722 778 831 834 924 950
399 827 834 952
8 44 65 93 176 240 332 514 542 633 697 703 849 854 962
4 133 367 455 539 635
232 318 478 643 659 680
421 594 629 765 842
30 219 481 563 957
205 246 300 307 320 325 330 375 493 513 642 685 687 728 753 792 861 862 873 942
172 686 776 816 832 856 941
298 383 470 559 714
61 613
83 128 286 446 523 771
57 66 148 319 556 831 950 959
41 609 740 814 855 878 911
191 265 298 368 576 868
80 186 445 534 591
464 501 950
183 425 593 788 978
179
685 763 837
87 141 495 536 693 943 966
41 283 290 609 740 814 823 855 903
3 154 202 297 650 746 791
580 614
345 917 992
10 428 491
95 170 180 206 254 306 653 820 991
202 204 297 320 345 684 746 914
112 211 371 500
6 171 485 683 693 943
99 240 442 548 630 666 743 834 862 942
38 50 197 231 261 309 316 430 443 567 618 973
308 605 617 625 640 698 866 956 976 995
151 191 251 745
607 675 681 722 778 890
200 324 505 550 557 940
449 615 701 770 958
448
379 802 971
153 228 877
246 753 945
224 462 552 648 689 872
221 262 358 889
140 189 351
21 270 947
56 144 236 295 387 479
394 667 993
8 67 190 386
11 85 266 515 566 711 718
337 396 567 784 868 882
127 200 204 505 925
172 299 496 776 794 816 898 958
5 54 205 240 326 377 465 548 630 641 687 706 792 862 897 920
6 87 171 693 910 919
354 457 595
108 416 728 930 964
10 418 497 715 739 855
21 244 393 934
222 244 263 757 847
310 344 686
89 198 235 464 501 556 890 902 906
419 459 466 690
106 125 250 366 827 834 891
139 231 302 452 547 818 851
226 456 581 646 665 888
150 288 490 528 543 658 980
72 308 377 617 625 698 853 866 922 976 995
219 247 467 481 563 896 985
299 460 496 701 794 816 926 941
57 319 374 440 571 831 902
69 142
656 819 884
44 65 67 93 176 320 332 697 703 749 892
25 313 519 531 621 747 798
416 469 495 728 945
154 295 479 554 669 730
141 181 492 536 676 759 910
348 421 861
94 456 581 665 768
12 201 207 252 830
69 90 139 384 590 804
379 647 802 859 928 994
100 268 271 338 522 597 619 708 789 845
38 197 309 316 430 443 618 921
326 334 369 453 867
76 372 432 439 764 766 769
65 72 308 377 605 617 625 640 698 866 922 956 995
485 683 785
169 488 593 716 788 829 907
46 339 544 663
150 216 528 543 685 837 955
58 82 88 454 525 655
74 206 220 364 376

733
247 467 481 957
51 189
340 349 420 450 670 721 874
293 858 876
348 546 616 861
661 708 724 845
220 916
345 914
218 384 394 635 667 936
147 255 424 819 884 971
11 72 377 508 617 625 640 718 866 922 956 976
83 115 231 267 311 353 616 752 820
174 256 484 530
3 79 297 320 626 650 746 807 879
136 325 346 642
272
